Experiment 5.1 - Memtier GET Percentiles:
    Request_Type  Percentile  Response_Time_Mean  Response_Time_Std
0      SHARDED_1       0.010            1.100000       0.000000e+00
1      SHARDED_1       0.050            1.200000       0.000000e+00
2      SHARDED_1       0.100            1.300000       0.000000e+00
3      SHARDED_1       0.150            1.400000       0.000000e+00
4      SHARDED_1       0.200            1.400000       0.000000e+00
5      SHARDED_1       0.250            1.500000       0.000000e+00
6      SHARDED_1       0.300            1.500000       0.000000e+00
7      SHARDED_1       0.350            1.600000       0.000000e+00
8      SHARDED_1       0.400            1.600000       0.000000e+00
9      SHARDED_1       0.450            1.700000       1.570092e-16
10     SHARDED_1       0.500            1.733333       5.773503e-02
11     SHARDED_1       0.525            1.800000       0.000000e+00
12     SHARDED_1       0.550            1.800000       2.220446e-16
13     SHARDED_1       0.575            1.866667       5.773503e-02
14     SHARDED_1       0.600            1.900000       0.000000e+00
15     SHARDED_1       0.625            1.933333       5.773503e-02
16     SHARDED_1       0.650            2.000000       0.000000e+00
17     SHARDED_1       0.675            2.066667       5.773503e-02
18     SHARDED_1       0.700            2.100000       0.000000e+00
19     SHARDED_1       0.725            2.200000       0.000000e+00
20     SHARDED_1       0.750            2.300000       0.000000e+00
21     SHARDED_1       0.775            2.433333       5.773503e-02
22     SHARDED_1       0.800            2.600000       0.000000e+00
23     SHARDED_1       0.825            2.800000       0.000000e+00
24     SHARDED_1       0.850            3.100000       0.000000e+00
25     SHARDED_1       0.875            3.500000       0.000000e+00
26     SHARDED_1       0.900            4.100000       0.000000e+00
27     SHARDED_1       0.925            4.866667       5.773503e-02
28     SHARDED_1       0.950            5.833333       5.773503e-02
29     SHARDED_1       0.975            7.133333       5.773503e-02
30     SHARDED_1       0.990            8.800000       0.000000e+00
31     SHARDED_1       1.000           19.900000       0.000000e+00
32     SHARDED_3       0.010            1.200000       0.000000e+00
33     SHARDED_3       0.050            1.300000       0.000000e+00
34     SHARDED_3       0.100            1.400000       0.000000e+00
35     SHARDED_3       0.150            1.500000       0.000000e+00
36     SHARDED_3       0.200            1.500000       0.000000e+00
37     SHARDED_3       0.250            1.600000       0.000000e+00
38     SHARDED_3       0.300            1.600000       0.000000e+00
39     SHARDED_3       0.350            1.700000       1.570092e-16
40     SHARDED_3       0.400            1.733333       5.773503e-02
41     SHARDED_3       0.450            1.800000       0.000000e+00
42     SHARDED_3       0.500            1.900000       0.000000e+00
43     SHARDED_3       0.525            1.900000       0.000000e+00
44     SHARDED_3       0.550            2.000000       0.000000e+00
45     SHARDED_3       0.575            2.000000       0.000000e+00
46     SHARDED_3       0.600            2.033333       5.773503e-02
47     SHARDED_3       0.625            2.100000       0.000000e+00
48     SHARDED_3       0.650            2.200000       0.000000e+00
49     SHARDED_3       0.675            2.233333       5.773503e-02
..           ...         ...                 ...                ...
78     SHARDED_6       0.600            2.633333       5.773503e-02
79     SHARDED_6       0.625            2.733333       5.773503e-02
80     SHARDED_6       0.650            2.933333       5.773503e-02
81     SHARDED_6       0.675            3.200000       1.000000e-01
82     SHARDED_6       0.700            3.533333       5.773503e-02
83     SHARDED_6       0.725            4.033333       5.773503e-02
84     SHARDED_6       0.750            4.633333       5.773503e-02
85     SHARDED_6       0.775            5.300000       0.000000e+00
86     SHARDED_6       0.800            6.000000       0.000000e+00
87     SHARDED_6       0.825            6.633333       5.773503e-02
88     SHARDED_6       0.850            7.166667       5.773503e-02
89     SHARDED_6       0.875            7.733333       5.773503e-02
90     SHARDED_6       0.900            8.233333       5.773503e-02
91     SHARDED_6       0.925            8.833333       5.773503e-02
92     SHARDED_6       0.950            9.433333       5.773503e-02
93     SHARDED_6       0.975           10.400000       0.000000e+00
94     SHARDED_6       0.990           11.533333       5.773503e-02
95     SHARDED_6       1.000           19.900000       0.000000e+00
96     SHARDED_9       0.010            1.433333       5.773503e-02
97     SHARDED_9       0.050            1.633333       5.773503e-02
98     SHARDED_9       0.100            1.800000       0.000000e+00
99     SHARDED_9       0.150            1.833333       5.773503e-02
100    SHARDED_9       0.200            1.933333       5.773503e-02
101    SHARDED_9       0.250            2.000000       0.000000e+00
102    SHARDED_9       0.300            2.100000       0.000000e+00
103    SHARDED_9       0.350            2.200000       0.000000e+00
104    SHARDED_9       0.400            2.266667       5.773503e-02
105    SHARDED_9       0.450            2.366667       5.773503e-02
106    SHARDED_9       0.500            2.500000       0.000000e+00
107    SHARDED_9       0.525            2.566667       5.773503e-02
108    SHARDED_9       0.550            2.666667       5.773503e-02
109    SHARDED_9       0.575            2.766667       5.773503e-02
110    SHARDED_9       0.600            2.933333       5.773503e-02
111    SHARDED_9       0.625            3.200000       1.000000e-01
112    SHARDED_9       0.650            3.533333       1.527525e-01
113    SHARDED_9       0.675            4.066667       2.081666e-01
114    SHARDED_9       0.700            4.800000       2.000000e-01
115    SHARDED_9       0.725            5.766667       3.055050e-01
116    SHARDED_9       0.750            6.966667       3.055050e-01
117    SHARDED_9       0.775            8.233333       3.214550e-01
118    SHARDED_9       0.800            9.333333       1.527525e-01
119    SHARDED_9       0.825            9.866667       5.773503e-02
120    SHARDED_9       0.850           10.400000       1.000000e-01
121    SHARDED_9       0.875           11.000000       1.000000e-01
122    SHARDED_9       0.900           11.433333       5.773503e-02
123    SHARDED_9       0.925           11.833333       5.773503e-02
124    SHARDED_9       0.950           12.433333       5.773503e-02
125    SHARDED_9       0.975           13.200000       0.000000e+00
126    SHARDED_9       0.990           13.900000       0.000000e+00
127    SHARDED_9       1.000           19.900000       0.000000e+00

[128 rows x 4 columns]
====================


Experiment 5.1 - Memtier GET:
   Type  Request_Throughput  Response_Time  Misses         Hits
0     1         2879.519300       1.852694     0.0  2879.519300
1     3         2291.695242       2.652245     0.0  6875.078995
2     6         1439.100237       4.694660     0.0  8634.624747
3     9          976.240518       7.661654     0.0  8786.154708
====================


Experiment 5.1 - Middleware GET:
   Type  Request_Throughput  Response_Time  Queue_Waiting_Time  Memcached_Communication  Queue_Size  Misses         Hits  Request_Size  Key_Throughput
0     1         2875.265289       1.071513            0.081053                 0.847164    0.115794     0.0  2875.265289           1.0     2875.265289
1     3         2291.702425       1.776489            0.089927                 1.478323    0.102467     0.0  6875.107274           3.0     6875.107274
2     6         1439.143114       3.621356            0.102128                 3.287196    0.073624     0.0  8634.858685           6.0     8634.858685
3     9          976.296737       6.481494            0.104747                 6.123237    0.051122     0.0  8786.670634           9.0     8786.670634
====================


Experiment 5.2 - Memtier GET Percentiles:
    Request_Type  Percentile  Response_Time_Mean  Response_Time_Std
0     MULTIGET_1       0.010            1.100000       0.000000e+00
1     MULTIGET_1       0.050            1.200000       0.000000e+00
2     MULTIGET_1       0.100            1.300000       0.000000e+00
3     MULTIGET_1       0.150            1.400000       0.000000e+00
4     MULTIGET_1       0.200            1.400000       0.000000e+00
5     MULTIGET_1       0.250            1.500000       0.000000e+00
6     MULTIGET_1       0.300            1.500000       0.000000e+00
7     MULTIGET_1       0.350            1.600000       0.000000e+00
8     MULTIGET_1       0.400            1.600000       0.000000e+00
9     MULTIGET_1       0.450            1.700000       0.000000e+00
10    MULTIGET_1       0.500            1.766667       5.773503e-02
11    MULTIGET_1       0.525            1.800000       0.000000e+00
12    MULTIGET_1       0.550            1.800000       0.000000e+00
13    MULTIGET_1       0.575            1.900000       0.000000e+00
14    MULTIGET_1       0.600            1.900000       0.000000e+00
15    MULTIGET_1       0.625            1.966667       5.773503e-02
16    MULTIGET_1       0.650            2.000000       0.000000e+00
17    MULTIGET_1       0.675            2.066667       5.773503e-02
18    MULTIGET_1       0.700            2.166667       5.773503e-02
19    MULTIGET_1       0.725            2.233333       5.773503e-02
20    MULTIGET_1       0.750            2.333333       5.773503e-02
21    MULTIGET_1       0.775            2.466667       5.773503e-02
22    MULTIGET_1       0.800            2.600000       1.000000e-01
23    MULTIGET_1       0.825            2.800000       1.000000e-01
24    MULTIGET_1       0.850            3.133333       1.527525e-01
25    MULTIGET_1       0.875            3.566667       1.527525e-01
26    MULTIGET_1       0.900            4.133333       1.527525e-01
27    MULTIGET_1       0.925            4.900000       1.000000e-01
28    MULTIGET_1       0.950            5.866667       1.527525e-01
29    MULTIGET_1       0.975            7.200000       1.000000e-01
30    MULTIGET_1       0.990            8.733333       1.154701e-01
31    MULTIGET_1       1.000           19.900000       0.000000e+00
32    MULTIGET_3       0.010            1.100000       0.000000e+00
33    MULTIGET_3       0.050            1.233333       5.773503e-02
34    MULTIGET_3       0.100            1.300000       0.000000e+00
35    MULTIGET_3       0.150            1.400000       0.000000e+00
36    MULTIGET_3       0.200            1.433333       5.773503e-02
37    MULTIGET_3       0.250            1.500000       0.000000e+00
38    MULTIGET_3       0.300            1.533333       5.773503e-02
39    MULTIGET_3       0.350            1.600000       0.000000e+00
40    MULTIGET_3       0.400            1.700000       0.000000e+00
41    MULTIGET_3       0.450            1.700000       0.000000e+00
42    MULTIGET_3       0.500            1.800000       0.000000e+00
43    MULTIGET_3       0.525            1.800000       1.570092e-16
44    MULTIGET_3       0.550            1.900000       0.000000e+00
45    MULTIGET_3       0.575            1.900000       0.000000e+00
46    MULTIGET_3       0.600            1.900000       0.000000e+00
47    MULTIGET_3       0.625            2.000000       0.000000e+00
48    MULTIGET_3       0.650            2.033333       5.773503e-02
49    MULTIGET_3       0.675            2.100000       0.000000e+00
..           ...         ...                 ...                ...
78    MULTIGET_6       0.600            2.933333       5.773503e-02
79    MULTIGET_6       0.625            3.200000       0.000000e+00
80    MULTIGET_6       0.650            3.600000       3.140185e-16
81    MULTIGET_6       0.675            4.000000       0.000000e+00
82    MULTIGET_6       0.700            4.500000       0.000000e+00
83    MULTIGET_6       0.725            5.000000       0.000000e+00
84    MULTIGET_6       0.750            5.566667       5.773503e-02
85    MULTIGET_6       0.775            6.100000       0.000000e+00
86    MULTIGET_6       0.800            6.633333       5.773503e-02
87    MULTIGET_6       0.825            7.200000       8.881784e-16
88    MULTIGET_6       0.850            7.800000       1.000000e-01
89    MULTIGET_6       0.875            8.466667       5.773503e-02
90    MULTIGET_6       0.900            9.100000       0.000000e+00
91    MULTIGET_6       0.925            9.833333       5.773503e-02
92    MULTIGET_6       0.950           11.233333       5.773503e-02
93    MULTIGET_6       0.975           12.833333       5.773503e-02
94    MULTIGET_6       0.990           14.300000       1.000000e-01
95    MULTIGET_6       1.000           19.900000       0.000000e+00
96    MULTIGET_9       0.010            1.400000       0.000000e+00
97    MULTIGET_9       0.050            1.600000       0.000000e+00
98    MULTIGET_9       0.100            1.700000       1.570092e-16
99    MULTIGET_9       0.150            1.866667       5.773503e-02
100   MULTIGET_9       0.200            1.966667       5.773503e-02
101   MULTIGET_9       0.250            2.100000       0.000000e+00
102   MULTIGET_9       0.300            2.200000       0.000000e+00
103   MULTIGET_9       0.350            2.400000       0.000000e+00
104   MULTIGET_9       0.400            2.666667       5.773503e-02
105   MULTIGET_9       0.450            3.066667       5.773503e-02
106   MULTIGET_9       0.500            3.800000       1.000000e-01
107   MULTIGET_9       0.525            4.233333       1.527525e-01
108   MULTIGET_9       0.550            4.733333       1.527525e-01
109   MULTIGET_9       0.575            5.466667       1.154701e-01
110   MULTIGET_9       0.600            6.266667       1.154701e-01
111   MULTIGET_9       0.625            7.033333       5.773503e-02
112   MULTIGET_9       0.650            7.700000       8.881784e-16
113   MULTIGET_9       0.675            8.300000       0.000000e+00
114   MULTIGET_9       0.700            8.866667       5.773503e-02
115   MULTIGET_9       0.725            9.533333       5.773503e-02
116   MULTIGET_9       0.750           10.233333       5.773503e-02
117   MULTIGET_9       0.775           11.166667       5.773503e-02
118   MULTIGET_9       0.800           11.866667       5.773503e-02
119   MULTIGET_9       0.825           12.466667       5.773503e-02
120   MULTIGET_9       0.850           13.033333       5.773503e-02
121   MULTIGET_9       0.875           13.466667       5.773503e-02
122   MULTIGET_9       0.900           13.900000       0.000000e+00
123   MULTIGET_9       0.925           14.633333       5.773503e-02
124   MULTIGET_9       0.950           15.233333       5.773503e-02
125   MULTIGET_9       0.975           15.733333       5.773503e-02
126   MULTIGET_9       0.990           16.466667       2.886751e-01
127   MULTIGET_9       1.000           19.900000       0.000000e+00

[128 rows x 4 columns]
====================


Experiment 5.2 - Memtier GET:
   Type  Request_Throughput  Response_Time  Misses         Hits
0     1         2868.242989       1.856332     0.0  2868.242989
1     3         2543.191498       2.312979     0.0  7629.567814
2     6         1453.773909       4.249514     0.0  8722.706799
3     9          987.463720       5.987814     0.0  8887.196842
====================


Experiment 5.2 - Middleware GET:
   Type  Request_Throughput  Response_Time  Queue_Waiting_Time  Memcached_Communication  Queue_Size  Misses         Hits  Request_Size  Key_Throughput
0     1         2868.421541       1.064546            0.081191                 0.849691    0.115552     0.0  2868.421541           1.0     2868.421541
1     3         2543.104022       1.458006            0.079427                 1.230375    0.100203     0.0  7629.312066           3.0     7629.312066
2     6         1453.900821       3.216966            0.087500                 2.956717    0.063859     0.0  8723.404929           6.0     8723.404929
3     9          987.569911       4.807743            0.099708                 4.511343    0.049252     0.0  8888.129199           9.0     8888.129199
====================
