2K Analysis Table:
                                                                                      Request_Throughput_1  Request_Throughput_2  Request_Throughput_3  Request_Throughput_Residual_1  Request_Throughput_Residual_2  Request_Throughput_Residual_3  Response_Time_1  Response_Time_2  Response_Time_3  Response_Time_Residual_1  Response_Time_Residual_2  Response_Time_Residual_3
Type Memcached Middlewares Worker_Threads Request_Throughput_Mean Response_Time_Mean                                                                                                                                                                                                                                                                                                
GET  1         1           8              2932.394444             65.414907                    2926.466667           2934.850000           2935.866667                      -5.927778                       2.455556                       3.472222        65.556278        65.352333        65.336111                  0.141370                 -0.062574                 -0.078796
                           32             2937.827778             65.291352                    2937.566667           2937.066667           2938.850000                      -0.261111                      -0.761111                       1.022222        65.293944        65.311944        65.268167                  0.002593                  0.020593                 -0.023185
               2           8              2930.566667             65.386469                    2929.133333           2929.683333           2932.883333                      -1.433333                      -0.883333                       2.316667        65.418839        65.403081        65.337486                  0.032371                  0.016612                 -0.048983
                           32             2933.661111             65.439339                    2930.866667           2935.633333           2934.483333                      -2.794444                       1.972222                       0.822222        65.527523        65.424977        65.365517                  0.088184                 -0.014362                 -0.073822
     3         1           8              7559.927778             25.493056                    7517.216667           7673.733333           7488.833333                     -42.711111                     113.805556                     -71.094444        25.659556        25.109889        25.709722                  0.166500                 -0.383167                  0.216667
                           32             8654.788889             22.200056                    8628.166667           8689.400000           8646.800000                     -26.622222                      34.611111                      -7.988889        22.276056        22.105944        22.218167                  0.076000                 -0.094111                  0.018111
               2           8              8799.633333             21.805036                    8801.700000           8800.116667           8797.083333                       2.066667                       0.483333                      -2.550000        21.800071        21.800817        21.814219                 -0.004965                 -0.004219                  0.009184
                           32             8806.694444             21.798859                    8805.600000           8805.983333           8808.500000                      -1.094444                      -0.711111                       1.805556        21.801690        21.803499        21.791386                  0.002832                  0.004641                 -0.007472
SET  1         1           8              5889.616667             32.629204                    5831.133333           5885.400000           5952.316667                     -58.483333                      -4.216667                      62.700000        32.949167        32.659111        32.279333                  0.319963                  0.029907                 -0.349870
                           32             8852.655556             21.694185                    8917.283333           8734.050000           8906.633333                      64.627778                    -118.605556                      53.977778        21.534389        21.985778        21.562389                 -0.159796                  0.291593                 -0.131796
               2           8              7393.855556             25.971202                    7329.100000           7504.800000           7347.666667                     -64.755556                     110.944444                     -46.188889        26.190528        25.598027        26.125050                  0.219326                 -0.373174                  0.153848
                           32             11258.322222            17.052637                   11182.133333          11309.666667          11283.166667                     -76.188889                      51.344444                      24.844444        17.168597        16.977121        17.012195                  0.115960                 -0.075517                 -0.040443
     3         1           8              4984.350000             38.545370                    4941.183333           5009.200000           5002.666667                     -43.166667                      24.850000                      18.316667        38.881556        38.352889        38.401667                  0.336185                 -0.192481                 -0.143704
                           32             6776.983333             28.335111                    6851.116667           6794.866667           6684.966667                      74.133333                      17.883333                     -92.016667        28.023444        28.261056        28.720833                 -0.311667                 -0.074056                  0.385722
               2           8              6713.533333             28.599246                    6772.933333           6673.100000           6694.566667                      59.400000                     -40.433333                     -18.966667        28.352755        28.769479        28.675504                 -0.246491                  0.170233                  0.076258
                           32             10329.544444            18.588021                   10372.933333          10258.683333          10357.016667                      43.388889                     -70.861111                      27.472222        18.508714        18.715236        18.540113                 -0.079307                  0.127215                 -0.047908
