Experiment 4.0 - Middleware Maximum Service Rates:
    Num_Clients  Worker_Threads  Repetition  Maximum_Service_Rate  Response_Time  Memcached_Communication  Queue_Waiting_Time  Queue_Size
72          288               8           1           6750.866667      41.710841                 2.252848           39.298635  132.554322
77          288              16           3           8716.583333      31.875086                 3.523119           28.156309  122.603323
80          288              32           3          10385.533333      25.976805                 5.981888           19.765008  102.616842
81          288              64           1          11582.183333      21.712499                10.752881           10.674366   61.797936
====================

                                                 Arrival_Rate  Estimated_Queue_Size  Estimated_Queue_Waiting_Time  Estimated_Response_Time  Mean_Number_Jobs_System  Measured_Queue_Size  Measured_Queue_Waiting_Time  Measured_Response_Time  Traffic_Intensity
Num_Clients Worker_Threads Maximum_Service_Rate                                                                                                                                                                                                                 
6           8              6750.866667                2840.73                  0.31                          0.11                     0.26                     0.73                 0.09                         0.06                    1.31               0.42
            16             8716.583333                2841.71                  0.16                          0.06                     0.17                     0.48                 0.08                         0.06                    1.32               0.33
            32             10385.533333               2804.17                  0.10                          0.04                     0.13                     0.37                 0.09                         0.06                    1.34               0.27
            64             11582.183333               2795.49                  0.08                          0.03                     0.11                     0.32                 0.09                         0.07                    1.38               0.24
12          8              6750.866667                4967.22                  2.05                          0.41                     0.56                     2.78                 0.21                         0.08                    1.62               0.74
            16             8716.583333                4912.86                  0.73                          0.15                     0.26                     1.29                 0.21                         0.08                    1.64               0.56
            32             10385.533333               4916.40                  0.43                          0.09                     0.18                     0.90                 0.21                         0.08                    1.64               0.47
            64             11582.183333               4838.18                  0.30                          0.06                     0.15                     0.72                 0.21                         0.09                    1.69               0.42
24          8              6750.866667                5955.95                  6.61                          1.11                     1.26                     7.49                 2.12                         0.71                    3.13               0.88
            16             8716.583333                6153.06                  1.69                          0.28                     0.39                     2.40                 0.48                         0.16                    3.00               0.71
            32             10385.533333               6152.46                  0.86                          0.14                     0.24                     1.45                 0.46                         0.15                    3.01               0.59
            64             11582.183333               6065.54                  0.58                          0.09                     0.18                     1.10                 0.47                         0.15                    3.06               0.52
48          8              6750.866667                6680.07                 93.37                         13.98                    14.12                    94.36                12.72                         3.81                    6.25               0.99
            16             8716.583333                8187.97                 14.55                          1.78                     1.89                    15.49                 4.80                         1.17                    4.81               0.94
            32             10385.533333               8378.60                  3.37                          0.40                     0.50                     4.17                 1.24                         0.30                    4.65               0.81
            64             11582.183333               8169.17                  1.69                          0.21                     0.29                     2.39                 1.29                         0.32                    4.77               0.71
96          8              6750.866667                6664.63                 76.29                         11.45                    11.60                    77.28                36.64                        11.01                   13.45               0.99
            16             8716.583333                8616.11                 84.77                          9.84                     9.95                    85.76                27.00                         6.27                   10.03               0.99
            32             10385.533333              10010.38                 25.72                          2.57                     2.67                    26.68                10.18                         2.03                    8.09               0.96
            64             11582.183333               9935.81                  5.18                          0.52                     0.61                     6.03                 3.54                         0.72                    7.87               0.86
192         8              6750.866667                6690.24                109.35                         16.35                    16.49                   110.34                84.64                        25.32                   27.76               0.99
            16             8716.583333                8626.25                 94.51                         10.96                    11.07                    95.50                74.92                        17.38                   21.13               0.99
            32             10385.533333              10327.79                177.87                         17.22                    17.32                   178.87                55.18                        10.69                   16.93               0.99
            64             11582.183333              11251.22                 33.02                          2.94                     3.02                    34.00                19.76                         3.51                   14.20               0.97
288         8              6750.866667                6721.23                225.78                         33.59                    33.74                   226.78               132.57                        39.48                   41.90               1.00
            16             8716.583333                8681.94                249.59                         28.75                    28.86                   250.58               122.78                        28.31                   32.04               1.00
            32             10385.533333              10366.39                540.53                         52.14                    52.24                   541.52               103.15                        19.91                   26.13               1.00
            64             11582.183333              11469.24                100.56                          8.77                     8.85                   101.55                61.54                        10.73                   21.87               0.99
                                                 Arrival_Rate  Estimated_Queue_Size  Estimated_Queue_Waiting_Time  Estimated_Response_Time  Mean_Average_Utilization_Each_Server  Mean_Number_Jobs_System  Measured_Queue_Size  Measured_Queue_Waiting_Time  Measured_Response_Time  Probability_Queueing  Probability_Zero_Jobs_System  Traffic_Intensity
Num_Clients Worker_Threads Maximum_Service_Rate                                                                                                                                                                                                                                                                                                           
6           8              421.929167                 2840.73                  0.00                          0.00                     2.37                                  0.42                     6.73                 0.09                         0.06                    1.31                  0.00                           0.0               0.42
            16             272.393229                 2841.71                  0.00                          0.00                     3.67                                  0.33                    10.43                 0.08                         0.06                    1.32                  0.00                           0.0               0.33
            32             162.273958                 2804.17                  0.00                          0.00                     6.16                                  0.27                    17.28                 0.09                         0.06                    1.34                  0.00                           0.0               0.27
            64             90.485807                  2795.49                  0.00                          0.00                    11.05                                  0.24                    30.89                 0.09                         0.07                    1.38                  0.00                           0.0               0.24
12          8              421.929167                 4967.22                  0.50                          0.10                     2.47                                  0.74                    12.28                 0.21                         0.08                    1.62                  0.18                           0.0               0.74
            16             272.393229                 4912.86                  0.00                          0.00                     3.67                                  0.56                    18.04                 0.21                         0.08                    1.64                  0.00                           0.0               0.56
            32             162.273958                 4916.40                  0.00                          0.00                     6.16                                  0.47                    30.30                 0.21                         0.08                    1.64                  0.00                           0.0               0.47
            64             90.485807                  4838.18                  0.00                          0.00                    11.05                                  0.42                    53.47                 0.21                         0.09                    1.69                  0.00                           0.0               0.42
24          8              421.929167                 5955.95                  3.98                          0.67                     3.04                                  0.88                    18.10                 2.12                         0.71                    3.13                  0.53                           0.0               0.88
            16             272.393229                 6153.06                  0.10                          0.02                     3.69                                  0.71                    22.69                 0.48                         0.16                    3.00                  0.04                           0.0               0.71
            32             162.273958                 6152.46                  0.00                          0.00                     6.16                                  0.59                    37.91                 0.46                         0.15                    3.01                  0.00                           0.0               0.59
            64             90.485807                  6065.54                  0.00                          0.00                    11.05                                  0.52                    67.03                 0.47                         0.15                    3.06                  0.00                           0.0               0.52
48          8              421.929167                 6680.07                 89.76                         13.44                    15.81                                  0.99                   105.60                12.72                         3.81                    6.25                  0.95                           0.0               0.99
            16             272.393229                 8187.97                  9.91                          1.21                     4.88                                  0.94                    39.97                 4.80                         1.17                    4.81                  0.64                           0.0               0.94
            32             162.273958                 8378.60                  0.27                          0.03                     6.19                                  0.81                    51.90                 1.24                         0.30                    4.65                  0.06                           0.0               0.81
            64             90.485807                  8169.17                  0.00                          0.00                    11.05                                  0.71                    90.28                 1.29                         0.32                    4.77                  0.00                           0.0               0.71
96          8              421.929167                 6664.63                 72.71                         10.91                    13.28                                  0.99                    88.51                36.64                        11.01                   13.45                  0.94                           0.0               0.99
            16             272.393229                 8616.11                 79.22                          9.19                    12.87                                  0.99                   110.85                27.00                         6.27                   10.03                  0.92                           0.0               0.99
            32             162.273958                10010.38                 18.36                          1.83                     8.00                                  0.96                    80.05                10.18                         2.03                    8.09                  0.69                           0.0               0.96
            64             90.485807                  9935.81                  0.35                          0.04                    11.09                                  0.86                   110.16                 3.54                         0.72                    7.87                  0.06                           0.0               0.86
192         8              421.929167                 6690.24                105.74                         15.80                    18.17                                  0.99                   121.59                84.64                        25.32                   27.76                  0.96                           0.0               0.99
            16             272.393229                 8626.25                 88.93                         10.31                    13.98                                  0.99                   120.60                74.92                        17.38                   21.13                  0.93                           0.0               0.99
            32             162.273958                10327.79                169.38                         16.40                    22.56                                  0.99                   233.03                55.18                        10.69                   16.93                  0.95                           0.0               0.99
            64             90.485807                 11251.22                 22.26                          1.98                    13.03                                  0.97                   146.60                19.76                         3.51                   14.20                  0.65                           0.0               0.97
288         8              421.929167                 6721.23                222.12                         33.05                    35.42                                  1.00                   238.05               132.57                        39.48                   41.90                  0.98                           0.0               1.00
            16             272.393229                 8681.94                243.89                         28.09                    31.76                                  1.00                   275.76               122.78                        28.31                   32.04                  0.97                           0.0               1.00
            32             162.273958                10366.39                531.89                         51.31                    57.47                                  1.00                   595.77               103.15                        19.91                   26.13                  0.98                           0.0               1.00
            64             90.485807                 11469.24                 88.44                          7.71                    18.76                                  0.99                   215.19                61.54                        10.73                   21.87                  0.87                           0.0               0.99

