Experiment 2.1 - Memtier SET:
    Num_Clients  Worker_Threads             Type  Request_Throughput  Response_Time
0             6               0              SET         6316.782962       0.947832
1             6               0  SET_Interactive         6331.776517       0.950046
2            12               0              SET         9739.403285       1.229829
3            12               0  SET_Interactive         9758.123545       1.232165
4            24               0              SET        11126.205525       2.155114
5            24               0  SET_Interactive        11136.561106       2.157095
6            48               0              SET        12688.573207       3.781827
7            48               0  SET_Interactive        12692.511836       3.782977
8            96               0              SET        15170.988345       6.328517
9            96               0  SET_Interactive        15169.499828       6.327911
10          192               0              SET        16334.161896      11.760516
11          192               0  SET_Interactive        16325.878906      11.754534
12          264               0              SET        16037.237012      16.492619
13          264               0  SET_Interactive        16008.235287      16.462496
14          336               0              SET        15997.167589      21.026885
15          336               0  SET_Interactive        15980.077933      21.004460
16          384               0              SET        15741.860499      24.438669
17          384               0  SET_Interactive        15713.380502      24.394203
====================

Experiment 2.1 - Memtier GET:
    Num_Clients  Worker_Threads             Type  Request_Throughput  Response_Time  Misses         Hits
0             6               0              GET         2937.755774       2.032287     0.0  2942.128966
1             6               0  GET_Interactive         2952.449493       2.042307     0.0     0.000000
2            12               0              GET         2939.498947       4.073021     0.0  2945.431294
3            12               0  GET_Interactive         2946.239808       4.082308     0.0     0.000000
4            24               0              GET         2937.847557       8.157691     0.0  2943.222797
5            24               0  GET_Interactive         2942.004969       8.169278     0.0     0.000000
6            48               0              GET         2938.455831      16.318688     0.0  2932.255894
7            48               0  GET_Interactive         2941.412281      16.335117     0.0     0.000000
8            96               0              GET         2939.245905      32.803117     0.0  2958.291129
9            96               0  GET_Interactive         2926.531813      32.661799     0.0     0.000000
10          192               0              GET         2929.029718      65.963796     0.0  2930.758153
11          192               0  GET_Interactive         2910.775822      65.548931     0.0     0.000000
12          264               0              GET         2921.896165      90.892204     0.0  2940.868410
13          264               0  GET_Interactive         2904.629615      90.350130     0.0     0.000000
14          336               0              GET         2910.488973     116.126124     0.0  2973.746671
15          336               0  GET_Interactive         2893.582308     115.439295     0.0     0.000000
16          384               0              GET         2906.458739     132.819281     0.0  2939.437036
17          384               0  GET_Interactive         2891.336881     132.115138     0.0     0.000000
====================

Experiment 2.2 - Memtier SET:
    Num_Clients  Worker_Threads             Type  Request_Throughput  Response_Time
0             2               0              SET         1797.840790       1.113581
1             2               0  SET_Interactive         1796.447613       1.112696
2             4               0              SET         3548.154231       1.129042
3             4               0  SET_Interactive         3545.045366       1.128086
4             8               0              SET         5965.342818       1.338793
5             8               0  SET_Interactive         5975.535086       1.341081
6            16               0              SET         5983.058637       2.673382
7            16               0  SET_Interactive         5984.928232       2.674219
8            32               0              SET         5925.105612       5.401986
9            32               0  SET_Interactive         5923.783572       5.400798
10           64               0              SET         5902.789470      10.847866
11           64               0  SET_Interactive         5899.787047      10.842369
12           88               0              SET         5904.556135      14.900533
13           88               0  SET_Interactive         5905.856383      14.903818
14          112               0              SET         5908.958078      18.953514
15          112               0  SET_Interactive         5909.395571      18.954947
16          128               0              SET         5899.537275      21.707571
17          128               0  SET_Interactive         5896.720364      21.697230
====================

Experiment 2.2 - Memtier GET:
    Num_Clients  Worker_Threads             Type  Request_Throughput  Response_Time  Misses         Hits
0             2               0              GET         1823.806213       1.092766     0.0  1820.368913
1             2               0  GET_Interactive         1830.650675       1.096803     0.0     0.000000
2             4               0              GET         3597.092384       1.110345     0.0  3595.601729
3             4               0  GET_Interactive         3607.872938       1.113681     0.0     0.000000
4             8               0              GET         5816.582733       1.368406     0.0  5820.147152
5             8               0  GET_Interactive         5846.575209       1.375446     0.0     0.000000
6            16               0              GET         5878.895519       2.713857     0.0  5906.922016
7            16               0  GET_Interactive         5895.674838       2.721603     0.0     0.000000
8            32               0              GET         5883.725661       5.430515     0.0  5911.954586
9            32               0  GET_Interactive         5892.631684       5.438734     0.0     0.000000
10           64               0              GET         5873.267143      10.887209     0.0  5879.520024
11           64               0  GET_Interactive         5878.458271      10.896832     0.0     0.000000
12           88               0              GET         5872.939420      14.974397     0.0  5854.284216
13           88               0  GET_Interactive         5876.697800      14.983980     0.0     0.000000
14          112               0              GET         5874.312968      19.055948     0.0  5880.131191
15          112               0  GET_Interactive         5877.432389      19.066065     0.0     0.000000
16          128               0              GET         5877.553504      21.768228     0.0  5882.760124
17          128               0  GET_Interactive         5880.132840      21.777782     0.0     0.000000
====================
