Experiment 3.1 - Memtier SET:
    Num_Clients  Worker_Threads             Type  Request_Throughput  Response_Time
0             6               8              SET         2775.801592       2.160513
1             6               8  SET_Interactive         2779.795154       2.163804
2             6              16              SET         2978.351985       2.010458
3             6              16  SET_Interactive         2984.696048       2.014718
4             6              32              SET         2893.068835       2.070946
5             6              32  SET_Interactive         2897.840503       2.074308
6             6              64              SET         2826.973431       2.218923
7             6              64  SET_Interactive         2746.642362       2.120741
8            12               8              SET         5409.433576       2.218474
9            12               8  SET_Interactive         5415.623847       2.220913
10           12              16              SET         5641.800669       2.130198
11           12              16  SET_Interactive         5644.936811       2.131443
12           12              32              SET         5526.249925       2.172363
13           12              32  SET_Interactive         5527.590472       2.172793
14           12              64              SET         5373.423957       2.649796
15           12              64  SET_Interactive         4840.761666       2.235461
16           24               8              SET         6614.981686       3.635329
17           24               8  SET_Interactive         6614.633744       3.634914
18           24              16              SET         7345.808338       3.265131
19           24              16  SET_Interactive         7351.200405       3.267507
20           24              32              SET         7344.638768       3.276381
21           24              32  SET_Interactive         7327.367854       3.268013
22           24              64              SET         7175.053678       3.354092
23           24              64  SET_Interactive         7163.651659       3.347515
24           48               8              SET         6581.237937       7.326227
25           48               8  SET_Interactive         6573.305054       7.316638
26           48              16              SET         8459.958713       5.820114
27           48              16  SET_Interactive         8294.182619       5.672645
28           48              32              SET         9348.432863       5.135927
29           48              32  SET_Interactive         9346.007105       5.134589
30           48              64              SET         8878.738230       5.476697
31           48              64  SET_Interactive         8781.063218       5.409367
32           96               8              SET         6483.310472      14.896710
33           96               8  SET_Interactive         6471.738923      14.868103
34           96              16              SET         8737.422954      11.004094
35           96              16  SET_Interactive         8726.890836      10.991547
36           96              32              SET        10676.249792       8.991803
37           96              32  SET_Interactive        10676.640060       8.992136
38           96              64              SET        10128.495275       9.528340
39           96              64  SET_Interactive        10075.629693       9.478510
40          192               8              SET         6472.133023      29.833180
41          192               8  SET_Interactive         6450.192119      29.744928
42          192              16              SET         8662.993943      22.191928
43          192              16  SET_Interactive         8652.332819      22.164444
44          192              32              SET        10927.096197      17.575062
45          192              32  SET_Interactive        10925.108883      17.571892
46          192              64              SET        11549.703171      16.731926
47          192              64  SET_Interactive        11478.902653      16.624722
48          288               8              SET         6617.207758      43.835351
49          288               8  SET_Interactive         6604.462227      43.736497
50          288              16              SET         8567.858040      33.631610
51          288              16  SET_Interactive         8564.059825      33.616603
52          288              32              SET        10993.515373      26.200026
53          288              32  SET_Interactive        10992.386987      26.197339
54          288              64              SET        11646.821685      25.415738
55          288              64  SET_Interactive        11434.849101      24.767649
====================

Experiment 3.1 - Memtier GET:
    Num_Clients  Worker_Threads             Type  Request_Throughput  Response_Time  Misses         Hits
0             6               8              GET         2808.908866       2.148939     0.0  2773.905967
1             6               8  GET_Interactive         2796.818727       2.136542     0.0     0.000000
2             6              16              GET         2853.293734       2.095653     0.0  2804.018494
3             6              16  GET_Interactive         2863.523648       2.103087     0.0     0.000000
4             6              32              GET         2866.302318       2.084996     0.0  2811.457412
5             6              32  GET_Interactive         2877.840585       2.093368     0.0     0.000000
6             6              64              GET         2792.042300       2.146182     0.0  2712.619491
7             6              64  GET_Interactive         2800.279688       2.152056     0.0     0.000000
8            12               8              GET         2936.580703       4.074699     0.0  2929.681117
9            12               8  GET_Interactive         2945.009410       4.086384     0.0     0.000000
10           12              16              GET         2938.150044       4.122542     0.0  2926.856681
11           12              16  GET_Interactive         2917.671139       4.078704     0.0     0.000000
12           12              32              GET         2934.895834       4.077202     0.0  2929.108826
13           12              32  GET_Interactive         2943.203251       4.088723     0.0     0.000000
14           12              64              GET         2938.329558       4.072733     0.0  2926.124145
15           12              64  GET_Interactive         2946.437090       4.083940     0.0     0.000000
16           24               8              GET         2935.767094       8.199113     0.0  2931.583611
17           24               8  GET_Interactive         2927.590657       8.174401     0.0     0.000000
18           24              16              GET         2938.720159       8.160488     0.0  2932.662137
19           24              16  GET_Interactive         2941.098532       8.166610     0.0     0.000000
20           24              32              GET         2935.774608       8.159674     0.0  2928.028510
21           24              32  GET_Interactive         2941.294125       8.175027     0.0     0.000000
22           24              64              GET         2936.245508       8.159180     0.0  2928.353850
23           24              64  GET_Interactive         2941.471977       8.173708     0.0     0.000000
24           48               8              GET         2938.289575      16.330319     0.0  2921.250380
25           48               8  GET_Interactive         2939.354395      16.335919     0.0     0.000000
26           48              16              GET         2934.361925      16.489782     0.0  2955.218728
27           48              16  GET_Interactive         2912.781477      16.351449     0.0     0.000000
28           48              32              GET         2934.061805      16.337574     0.0  2928.190650
29           48              32  GET_Interactive         2938.014210      16.359572     0.0     0.000000
30           48              64              GET         2935.767465      16.452274     0.0  2941.327892
31           48              64  GET_Interactive         2918.549829      16.347122     0.0     0.000000
32           96               8              GET         2936.218050      32.658240     0.0  2942.331728
33           96               8  GET_Interactive         2939.534745      32.695139     0.0     0.000000
34           96              16              GET         2935.305861      32.745220     0.0  2920.441689
35           96              16  GET_Interactive         2932.030293      32.703200     0.0     0.000000
36           96              32              GET         2935.895321      32.825919     0.0  2942.380455
37           96              32  GET_Interactive         2925.568434      32.692144     0.0     0.000000
38           96              64              GET         2933.167342      32.962007     0.0  2939.145695
39           96              64  GET_Interactive         2914.841687      32.717541     0.0     0.000000
40          192               8              GET         2934.561449      65.360999     0.0  2942.950190
41          192               8  GET_Interactive         2937.531653      65.427167     0.0     0.000000
42          192              16              GET         2937.155911      65.302990     0.0  2945.675817
43          192              16  GET_Interactive         2940.141428      65.369368     0.0     0.000000
44          192              32              GET         2936.285948      65.470406     0.0  2955.076516
45          192              32  GET_Interactive         2932.788621      65.385695     0.0     0.000000
46          192              64              GET         2936.830806      65.317053     0.0  2928.547904
47          192              64  GET_Interactive         2939.509737      65.376689     0.0     0.000000
48          288               8              GET         2937.764899      98.353190     0.0  2962.096450
49          288               8  GET_Interactive         2929.153084      98.013900     0.0     0.000000
50          288              16              GET         2896.774792     101.712340     0.0  2948.221826
51          288              16  GET_Interactive         2842.637923      99.399672     0.0     0.000000
52          288              32              GET         2937.623834      97.942778     0.0  3024.809883
53          288              32  GET_Interactive         2940.494337      98.038471     0.0     0.000000
54          288              64              GET         2933.224306      98.097793     0.0  3037.785183
55          288              64  GET_Interactive         2935.848066      98.185530     0.0     0.000000
====================

Experiment 3.1 - Middleware SET:
    Num_Clients  Worker_Threads             Type  Request_Throughput  Response_Time  Queue_Waiting_Time  Memcached_Communication  Queue_Size
0             6               8              SET         2778.381181       1.237918            0.062551                 1.075283    0.173056
1             6               8  SET_Interactive         2552.806524       2.344279                 NaN                      NaN         NaN
2             6              16              SET         2980.878437       1.095867            0.056630                 0.940333    0.168705
3             6              16  SET_Interactive         2711.521162       2.161552                 NaN                      NaN         NaN
4             6              32              SET         2895.736572       1.129805            0.061769                 0.967169    0.179030
5             6              32  SET_Interactive         2637.230133       2.360097                 NaN                      NaN         NaN
6             6              64              SET         2829.495624       1.320681            0.061045                 1.155360    0.173614
7             6              64  SET_Interactive         2587.220852       2.470347                 NaN                      NaN         NaN
8            12               8              SET         5411.614720       1.277455            0.146324                 1.032936    0.785891
9            12               8  SET_Interactive         4988.652706       2.401365                 NaN                      NaN         NaN
10           12              16              SET         5644.062781       1.166729            0.085258                 0.978089    0.475404
11           12              16  SET_Interactive         5142.717278       2.251847                 NaN                      NaN         NaN
12           12              32              SET         5528.571772       1.196660            0.089214                 1.004410    0.490651
13           12              32  SET_Interactive         5050.097329       2.275851                 NaN                      NaN         NaN
14           12              64              SET         5375.642720       2.062093            0.085135                 1.872980    0.456256
15           12              64  SET_Interactive         4989.200082       3.198017                 NaN                      NaN         NaN
16           24               8              SET         6616.341222       2.671024            1.434183                 1.141925    9.439310
17           24               8  SET_Interactive         6370.953231       3.780018                 NaN                      NaN         NaN
18           24              16              SET         7347.871445       2.002720            0.365952                 1.515057    2.686072
19           24              16  SET_Interactive         6900.261365       3.324990                 NaN                      NaN         NaN
20           24              32              SET         7346.379656       1.949839            0.182909                 1.643519    1.342975
21           24              32  SET_Interactive         6881.719630       3.336724                 NaN                      NaN         NaN
22           24              64              SET         7177.161384       1.973665            0.187238                 1.656840    1.344915
23           24              64  SET_Interactive         6706.964043       3.338893                 NaN                      NaN         NaN
24           48               8              SET         6584.017940       6.319424            5.068256                 1.155869   33.162377
25           48               8  SET_Interactive         6471.656887       7.464155                 NaN                      NaN         NaN
26           48              16              SET         8462.501564       4.533563            2.603079                 1.832379   21.108991
27           48              16  SET_Interactive         8111.899591       5.811212                 NaN                      NaN         NaN
28           48              32              SET         9350.027010       2.985462            0.613660                 2.225644    5.730948
29           48              32  SET_Interactive         8889.769474       4.557460                 NaN                      NaN         NaN
30           48              64              SET         8879.164638       3.081705            0.435444                 2.487325    3.869226
31           48              64  SET_Interactive         8422.187881       4.625302                 NaN                      NaN         NaN
32           96               8              SET         6485.837745      13.876211           12.602701                 1.174709   81.162878
33           96               8  SET_Interactive         6424.342990      14.960381                 NaN                      NaN         NaN
34           96              16              SET         8739.768710       9.553505            7.686048                 1.748438   66.977930
35           96              16  SET_Interactive         8613.139075      10.903157                 NaN                      NaN         NaN
36           96              32              SET        10677.924995       5.922144            3.163475                 2.607313   33.789386
37           96              32  SET_Interactive        10403.740752       7.414636                 NaN                      NaN         NaN
38           96              64              SET        10129.395469       4.254745            1.103877                 2.965933   10.993695
39           96              64  SET_Interactive         9645.292781       5.935668                 NaN                      NaN         NaN
40          192               8              SET         6474.196516      28.803411           27.529330                 1.176295  177.115234
41          192               8  SET_Interactive         6427.629492      29.892099                 NaN                      NaN         NaN
42          192              16              SET         8668.526119      20.737813           18.851282                 1.765886  163.090303
43          192              16  SET_Interactive         8602.860241      22.029547                 NaN                      NaN         NaN
44          192              32              SET        10927.770490      14.568551           11.611930                 2.810348  126.831814
45          192              32  SET_Interactive        10812.813965      16.157165                 NaN                      NaN         NaN
46          192              64              SET        11546.602326       8.074967            3.803386                 4.098587   43.021239
47          192              64  SET_Interactive        11198.309297      10.034075                 NaN                      NaN         NaN
48          288               8              SET         6619.201432      42.818386           41.569445                 1.151487  273.064636
49          288               8  SET_Interactive         6589.145379      43.920712                 NaN                      NaN         NaN
50          288              16              SET         8569.072203      32.097104           30.189308                 1.784020  258.467936
51          288              16  SET_Interactive         8529.542044      33.486005                 NaN                      NaN         NaN
52          288              32              SET        10993.852065      23.296982           20.347313                 2.801961  223.593721
53          288              32  SET_Interactive        10919.780739      24.826194                 NaN                      NaN         NaN
54          288              64              SET        11639.436184      11.111310            6.646553                 4.405296   70.912363
55          288              64  SET_Interactive        11150.823231      12.700279                 NaN                      NaN         NaN
====================

Experiment 3.1 - Middleware GET:
    Num_Clients  Worker_Threads             Type  Request_Throughput  Response_Time  Queue_Waiting_Time  Memcached_Communication  Queue_Size  Misses         Hits
0             6               8              GET         2811.668994       1.164396            0.068685                 1.000802    0.192252     0.0  2811.668994
1             6               8  GET_Interactive         2580.722502       2.961702                 NaN                      NaN         NaN     NaN          NaN
2             6              16              GET         2855.965666       1.154556            0.067910                 0.991400    0.193478     0.0  2855.965666
3             6              16  GET_Interactive         2620.045213       2.341756                 NaN                      NaN         NaN     NaN          NaN
4             6              32              GET         2869.074714       1.143817            0.060741                 0.987554    0.174667     0.0  2869.074714
5             6              32  GET_Interactive         2629.810036       2.298213                 NaN                      NaN         NaN     NaN          NaN
6             6              64              GET         2794.724019       1.212343            0.069081                 1.042535    0.193739     0.0  2794.724019
7             6              64  GET_Interactive         2561.670293       3.543075                 NaN                      NaN         NaN     NaN          NaN
8            12               8              GET         2939.025118       3.042545            0.721368                 2.215304    2.121561     0.0  2939.025118
9            12               8  GET_Interactive         2836.900287       4.576184                 NaN                      NaN         NaN     NaN          NaN
10           12              16              GET         2940.555635       3.025860            0.150498                 2.768160    0.442928     0.0  2940.555635
11           12              16  GET_Interactive         2836.355876       5.544045                 NaN                      NaN         NaN     NaN          NaN
12           12              32              GET         2937.568077       3.083440            0.155013                 2.816444    0.456281     0.0  2937.568077
13           12              32  GET_Interactive         2831.161260       4.272123                 NaN                      NaN         NaN     NaN          NaN
14           12              64              GET         2940.907415       3.092866            0.151373                 2.818365    0.446817     0.0  2940.907415
15           12              64  GET_Interactive         2824.325635       4.296449                 NaN                      NaN         NaN     NaN          NaN
16           24               8              GET         2938.528139       6.986329            4.260588                 2.620253   12.518578     0.0  2938.528139
17           24               8  GET_Interactive         2893.972484       9.146419                 NaN                      NaN         NaN     NaN          NaN
18           24              16              GET         2941.336803       7.020656            2.014474                 4.883284    5.931925     0.0  2941.336803
19           24              16  GET_Interactive         2890.782120       9.162596                 NaN                      NaN         NaN     NaN          NaN
20           24              32              GET         2938.368822       7.084998            0.350659                 6.578794    1.031746     0.0  2938.368822
21           24              32  GET_Interactive         2874.028793       8.350621                 NaN                      NaN         NaN     NaN          NaN
22           24              64              GET         2938.856313       7.048288            0.350579                 6.496604    1.030530     0.0  2938.856313
23           24              64  GET_Interactive         2855.006292       8.336249                 NaN                      NaN         NaN     NaN          NaN
24           48               8              GET         2940.983901      15.158892           12.425210                 2.623678   36.539812     0.0  2940.983901
25           48               8  GET_Interactive         2919.474448      16.447034                 NaN                      NaN         NaN     NaN          NaN
26           48              16              GET         2936.623025      15.049684            9.590032                 5.313597   28.160062     0.0  2936.623025
27           48              16  GET_Interactive         2907.967990      19.204709                 NaN                      NaN         NaN     NaN          NaN
28           48              32              GET         2936.722948      15.052477            4.680413                10.053447   13.824627     0.0  2936.722948
29           48              32  GET_Interactive         2879.840358      16.375889                 NaN                      NaN         NaN     NaN          NaN
30           48              64              GET         2938.428455      14.939227            0.787626                13.566861    2.329468     0.0  2938.428455
31           48              64  GET_Interactive         2824.486528      17.881223                 NaN                      NaN         NaN     NaN          NaN
32           96               8              GET         2938.879080      31.545182           28.809216                 2.618545   84.663536     0.0  2938.879080
33           96               8  GET_Interactive         2927.836418      32.803722                 NaN                      NaN         NaN     NaN          NaN
34           96              16              GET         2938.128080      31.418800           25.959204                 5.284600   76.267822     0.0  2938.128080
35           96              16  GET_Interactive         2921.640085      33.518633                 NaN                      NaN         NaN     NaN          NaN
36           96              32              GET         2938.361714      31.149861           20.222366                10.502229   59.468978     0.0  2938.361714
37           96              32  GET_Interactive         2899.772206      34.872130                 NaN                      NaN         NaN     NaN          NaN
38           96              64              GET         2935.861806      31.401830            9.479261                21.054151   28.017673     0.0  2935.861806
39           96              64  GET_Interactive         2860.430424      34.220373                 NaN                      NaN         NaN     NaN          NaN
40          192               8              GET         2937.150338      64.248440           61.498781                 2.611175  180.626132     0.0  2937.150338
41          192               8  GET_Interactive         2930.741038      65.547279                 NaN                      NaN         NaN     NaN          NaN
42          192              16              GET         2939.822679      64.183582           58.718787                 5.237083  172.614950     0.0  2939.822679
43          192              16  GET_Interactive         2929.269530      65.495561                 NaN                      NaN         NaN     NaN          NaN
44          192              32              GET         2938.897303      63.544304           52.609221                10.335739  154.639405     0.0  2938.897303
45          192              32  GET_Interactive         2911.621149      65.525487                 NaN                      NaN         NaN     NaN          NaN
46          192              64              GET         2939.608380      64.172704           42.167697                20.908631  124.112589     0.0  2939.608380
47          192              64  GET_Interactive         2891.789656      65.530229                 NaN                      NaN         NaN     NaN          NaN
48          288               8              GET         2940.570322      95.808211           93.063382                 2.602751  273.659047     0.0  2940.570322
49          288               8  GET_Interactive         2936.163848      99.068688                 NaN                      NaN         NaN     NaN          NaN
50          288              16              GET         2899.208565      99.639568           93.966373                 5.357350  266.775327     0.0  2899.208565
51          288              16  GET_Interactive         2843.209990     104.099801                 NaN                      NaN         NaN     NaN          NaN
52          288              32              GET         2940.179686      96.686206           85.757962                10.271407  252.139475     0.0  2940.179686
53          288              32  GET_Interactive         2920.165288      98.055120                 NaN                      NaN         NaN     NaN          NaN
54          288              64              GET         2936.202244      96.990193           74.954415                20.882530  220.148728     0.0  2936.202244
55          288              64  GET_Interactive         2901.993838      98.271849                 NaN                      NaN         NaN     NaN          NaN
====================

Experiment 3.2 - Memtier SET:
    Num_Clients  Worker_Threads             Type  Request_Throughput  Response_Time
0             6               8              SET         3042.483625       2.121221
1             6               8  SET_Interactive         2864.982083       1.970767
2             6              16              SET         3291.359403       1.818713
3             6              16  SET_Interactive         3299.731213       1.823306
4             6              32              SET         2993.766628       2.278744
5             6              32  SET_Interactive         2988.507567       2.080926
6             6              64              SET         3267.273503       1.832299
7             6              64  SET_Interactive         3275.084861       1.836660
8            12               8              SET         6323.077819       1.959505
9            12               8  SET_Interactive         6133.653234       1.897731
10           12              16              SET         6458.920710       1.862134
11           12              16  SET_Interactive         6446.155425       1.858051
12           12              32              SET         6423.786557       1.947017
13           12              32  SET_Interactive         6242.622618       1.866643
14           12              64              SET         6490.147469       1.846833
15           12              64  SET_Interactive         6497.827525       1.848972
16           24               8              SET         8063.364249       3.079421
17           24               8  SET_Interactive         7876.825131       2.975806
18           24              16              SET         8438.361501       2.842215
19           24              16  SET_Interactive         8444.196071       2.844184
20           24              32              SET         7761.377436       3.380057
21           24              32  SET_Interactive         7285.238341       3.091167
22           24              64              SET         8181.353794       2.964032
23           24              64  SET_Interactive         8102.523838       2.933373
24           48               8              SET         8798.168606       6.121498
25           48               8  SET_Interactive         8014.270614       5.462991
26           48              16              SET        11079.494848       4.414836
27           48              16  SET_Interactive        10910.233192       4.332054
28           48              32              SET        11416.113841       4.202231
29           48              32  SET_Interactive        11422.527461       4.204591
30           48              64              SET        11031.057138       4.382625
31           48              64  SET_Interactive        10957.780494       4.351477
32           96               8              SET         9496.066248      10.164808
33           96               8  SET_Interactive         9450.454378      10.111010
34           96              16              SET        11877.368631       8.095471
35           96              16  SET_Interactive        11859.747376       8.082151
36           96              32              SET        13612.841038       7.193864
37           96              32  SET_Interactive        13424.198487       7.056781
38           96              64              SET        13445.781060       7.142807
39           96              64  SET_Interactive        13442.244553       7.140933
40          192               8              SET         9458.881114      20.426864
41          192               8  SET_Interactive         9404.068600      20.298571
42          192              16              SET        11951.070451      16.065740
43          192              16  SET_Interactive        11951.084629      16.065748
44          192              32              SET        14144.146695      13.665187
45          192              32  SET_Interactive        14059.272364      13.575168
46          192              64              SET        15308.515506      12.549828
47          192              64  SET_Interactive        15301.631970      12.544205
48          288               8              SET         9461.146585      30.808384
49          288               8  SET_Interactive         9357.544063      30.431524
50          288              16              SET        11964.871697      24.069722
51          288              16  SET_Interactive        11965.257967      24.070497
52          288              32              SET        13997.744968      20.702265
53          288              32  SET_Interactive        13921.140109      20.581677
54          288              64              SET        15289.505113      18.858982
55          288              64  SET_Interactive        15272.221083      18.837867
====================

Experiment 3.2 - Memtier GET:
    Num_Clients  Worker_Threads             Type  Request_Throughput  Response_Time  Misses         Hits
0             6               8              GET         2923.312749       2.043035     0.0  2892.213959
1             6               8  GET_Interactive         2936.933519       2.052461     0.0     0.000000
2             6              16              GET         2863.047451       3.094332     0.0  2845.603054
3             6              16  GET_Interactive         2650.067815       2.075153     0.0     0.000000
4             6              32              GET         2920.023658       2.061978     0.0  2901.327339
5             6              32  GET_Interactive         2911.133462       2.055144     0.0     0.000000
6             6              64              GET         2931.285306       2.035365     0.0  2906.818636
7             6              64  GET_Interactive         2947.889224       2.046877     0.0     0.000000
8            12               8              GET         2933.167202       4.077433     0.0  2935.453406
9            12               8  GET_Interactive         2943.032450       4.091136     0.0     0.000000
10           12              16              GET         2930.778153       4.079824     0.0  2931.925614
11           12              16  GET_Interactive         2941.306977       4.094472     0.0     0.000000
12           12              32              GET         2930.661627       4.080480     0.0  2933.206667
13           12              32  GET_Interactive         2940.834103       4.094634     0.0     0.000000
14           12              64              GET         2911.516013       4.121182     0.0  2918.037506
15           12              64  GET_Interactive         2912.633000       4.121813     0.0     0.000000
16           24               8              GET         2934.635229       8.157666     0.0  2938.987988
17           24               8  GET_Interactive         2942.013699       8.178212     0.0     0.000000
18           24              16              GET         2931.172551       8.170215     0.0  2937.403916
19           24              16  GET_Interactive         2937.496258       8.187860     0.0     0.000000
20           24              32              GET         2931.655726       8.168211     0.0  2936.190128
21           24              32  GET_Interactive         2938.215650       8.186513     0.0     0.000000
22           24              64              GET         2929.303159      12.401288     0.0  2933.939019
23           24              64  GET_Interactive         2645.035273       8.191153     0.0     0.000000
24           48               8              GET         2933.317224      16.331543     0.0  2938.360176
25           48               8  GET_Interactive         2939.095497      16.363745     0.0     0.000000
26           48              16              GET         2913.104808      16.600804     0.0  2923.277459
27           48              16  GET_Interactive         2893.571284      16.476379     0.0     0.000000
28           48              32              GET         2932.283505      16.332942     0.0  2924.870998
29           48              32  GET_Interactive         2938.846120      16.369496     0.0     0.000000
30           48              64              GET         2925.859687      16.398937     0.0  2922.282218
31           48              64  GET_Interactive         2927.239156      16.405554     0.0     0.000000
32           96               8              GET         2932.350052      32.678960     0.0  2938.183610
33           96               8  GET_Interactive         2937.669704      32.738252     0.0     0.000000
34           96              16              GET         2930.267595      32.706786     0.0  2922.632844
35           96              16  GET_Interactive         2935.165366      32.761595     0.0     0.000000
36           96              32              GET         2928.590965      32.783904     0.0  2918.269232
37           96              32  GET_Interactive         2928.381303      32.780205     0.0     0.000000
38           96              64              GET         2924.668522      32.911975     0.0  2926.218190
39           96              64  GET_Interactive         2916.902756      32.824434     0.0     0.000000
40          192               8              GET         2931.562516      65.420640     0.0  2937.122026
41          192               8  GET_Interactive         2934.876698      65.493861     0.0     0.000000
42          192              16              GET         2924.998274      65.651910     0.0  2931.688837
43          192              16  GET_Interactive         2924.631877      65.641469     0.0     0.000000
44          192              32              GET         2931.045769      65.497715     0.0  2948.728807
45          192              32  GET_Interactive         2931.401371      65.505708     0.0     0.000000
46          192              64              GET         2923.784407      65.926110     0.0  2934.906234
47          192              64  GET_Interactive         2912.380753      65.668055     0.0     0.000000
48          288               8              GET         2931.350246      98.079400     0.0  2936.926742
49          288               8  GET_Interactive         2936.396843      98.248242     0.0     0.000000
50          288              16              GET         2932.272752      98.131249     0.0  2926.207670
51          288              16  GET_Interactive         2934.846212      98.217348     0.0     0.000000
52          288              32              GET         2929.606013      98.318578     0.0  2925.764678
53          288              32  GET_Interactive         2929.252939      98.306807     0.0     0.000000
54          288              64              GET         2897.053390     100.302713     0.0  2909.728081
55          288              64  GET_Interactive         2873.242821      99.413236     0.0     0.000000
====================

Experiment 3.2 - Middleware SET:
    Num_Clients  Worker_Threads             Type  Request_Throughput  Response_Time  Queue_Waiting_Time  Memcached_Communication  Queue_Size
0             6               8              SET         3048.508896       1.190100            0.045423                 1.043843    0.068316
1             6               8  SET_Interactive         2770.852599       4.671418                 NaN                      NaN         NaN
2             6              16              SET         3296.949947       0.977713            0.048406                 0.828524    0.078780
3             6              16  SET_Interactive         2949.789105       1.973681                 NaN                      NaN         NaN
4             6              32              SET         2998.916466       1.445501            0.051109                 1.291182    0.075264
5             6              32  SET_Interactive         2689.955500       2.472736                 NaN                      NaN         NaN
6             6              64              SET         3272.889111       0.981763            0.053386                 0.825831    0.087218
7             6              64  SET_Interactive         2922.384958       2.023755                 NaN                      NaN         NaN
8            12               8              SET         6328.136211       1.124649            0.057543                 0.971719    0.182022
9            12               8  SET_Interactive         5775.386985       2.460911                 NaN                      NaN         NaN
10           12              16              SET         6463.969818       1.064027            0.059230                 0.907172    0.190812
11           12              16  SET_Interactive         5854.579861       2.178970                 NaN                      NaN         NaN
12           12              32              SET         6428.491300       1.160087            0.058245                 1.005741    0.188568
13           12              32  SET_Interactive         5870.204065       2.110056                 NaN                      NaN         NaN
14           12              64              SET         6495.029905       1.040243            0.058945                 0.881876    0.196279
15           12              64  SET_Interactive         5861.484721       1.983422                 NaN                      NaN         NaN
16           24               8              SET         8068.236668       2.277440            0.511559                 1.666679    1.932899
17           24               8  SET_Interactive         7621.581194       3.299951                 NaN                      NaN         NaN
18           24              16              SET         8443.015655       2.037315            0.085423                 1.851821    0.350824
19           24              16  SET_Interactive         8018.981976       3.097694                 NaN                      NaN         NaN
20           24              32              SET         7766.516015       2.534788            0.087086                 2.344700    0.330195
21           24              32  SET_Interactive         7428.061608       3.565426                 NaN                      NaN         NaN
22           24              64              SET         8186.248966       2.139455            0.089784                 1.943902    0.365506
23           24              64  SET_Interactive         7773.816551       3.205483                 NaN                      NaN         NaN
24           48               8              SET         8802.886997       5.267004            3.174728                 1.889219   12.241488
25           48               8  SET_Interactive         7947.359352       6.302129                 NaN                      NaN         NaN
26           48              16              SET        11083.671131       3.517181            0.832779                 2.584648    4.452018
27           48              16  SET_Interactive        10684.081100       4.599593                 NaN                      NaN         NaN
28           48              32              SET        11419.952441       3.285712            0.122778                 3.057021    0.681062
29           48              32  SET_Interactive        11045.974952       4.307878                 NaN                      NaN         NaN
30           48              64              SET        11035.698697       3.409795            0.137788                 3.158575    0.745406
31           48              64  SET_Interactive        10661.789482       4.471706                 NaN                      NaN         NaN
32           96               8              SET         9500.198295       9.306958            7.583328                 1.628703   35.764695
33           96               8  SET_Interactive         9354.144919      10.320759                 NaN                      NaN         NaN
34           96              16              SET        11881.918189       7.145898            4.427048                 2.619843   26.286205
35           96              16  SET_Interactive        11711.233322       8.968308                 NaN                      NaN         NaN
36           96              32              SET        13617.684180       6.041530            1.508864                 4.427565    9.901556
37           96              32  SET_Interactive        13289.127412       7.109586                 NaN                      NaN         NaN
38           96              64              SET        13450.142040       5.723968            0.268388                 5.333352    1.777685
39           96              64  SET_Interactive        13158.642728       6.858381                 NaN                      NaN         NaN
40          192               8              SET         9463.750036      19.571255           17.839238                 1.633118   83.787257
41          192               8  SET_Interactive         9356.649810      20.594310                 NaN                      NaN         NaN
42          192              16              SET        11955.276737      15.145187           12.438615                 2.608968   74.296963
43          192              16  SET_Interactive        11871.405034      17.632693                 NaN                      NaN         NaN
44          192              32              SET        14148.788077      12.623332            8.037157                 4.463297   56.537865
45          192              32  SET_Interactive        13963.118754      13.695925                 NaN                      NaN         NaN
46          192              64              SET        15312.491037      11.291607            3.009420                 8.173208   23.082508
47          192              64  SET_Interactive        15167.890130      12.400620                 NaN                      NaN         NaN
48          288               8              SET         9465.761380      29.345850           27.606373                 1.642597  129.598355
49          288               8  SET_Interactive         9371.374562      32.281558                 NaN                      NaN         NaN
50          288              16              SET        11969.054812      23.126913           20.423931                 2.605416  122.151382
51          288              16  SET_Interactive        11912.628310      24.182778                 NaN                      NaN         NaN
52          288              32              SET        14000.523074      19.610372           14.988361                 4.518004  104.407095
53          288              32  SET_Interactive        13880.715770      26.041834                 NaN                      NaN         NaN
54          288              64              SET        15291.613330      17.573142            9.149341                 8.314180   69.917967
55          288              64  SET_Interactive        15188.826296      23.473725                 NaN                      NaN         NaN
====================

Experiment 3.2 - Middleware GET:
    Num_Clients  Worker_Threads             Type  Request_Throughput  Response_Time  Queue_Waiting_Time  Memcached_Communication  Queue_Size  Misses         Hits
0             6               8              GET         2928.946070       1.201515            0.048973                 1.057579    0.070595     0.0  2928.946070
1             6               8  GET_Interactive         2694.069504       2.241026                 NaN                      NaN         NaN     NaN          NaN
2             6              16              GET         2868.667160       1.272312            0.050431                 1.127648    0.071319     0.0  2868.667160
3             6              16  GET_Interactive         2650.509642       2.323769                 NaN                      NaN         NaN     NaN          NaN
4             6              32              GET         2925.595744       1.186707            0.050372                 1.039437    0.072312     0.0  2925.595744
5             6              32  GET_Interactive         2683.696793       2.863931                 NaN                      NaN         NaN     NaN          NaN
6             6              64              GET         2936.907541       1.198023            0.055072                 1.042646    0.079463     0.0  2936.907541
7             6              64  GET_Interactive         2688.196268       2.216046                 NaN                      NaN         NaN     NaN          NaN
8            12               8              GET         2938.867243       3.239717            0.081374                 3.060792    0.114611     0.0  2938.867243
9            12               8  GET_Interactive         2849.164960       4.362669                 NaN                      NaN         NaN     NaN          NaN
10           12              16              GET         2936.355884       3.257764            0.074810                 3.085330    0.105870     0.0  2936.355884
11           12              16  GET_Interactive         2847.102503       4.395646                 NaN                      NaN         NaN     NaN          NaN
12           12              32              GET         2936.261529       3.272441            0.079344                 3.094247    0.109344     0.0  2936.261529
13           12              32  GET_Interactive         2846.668621       4.323794                 NaN                      NaN         NaN     NaN          NaN
14           12              64              GET         2917.075022       3.307747            0.082756                 3.121891    0.116037     0.0  2917.075022
15           12              64  GET_Interactive         2825.063714       4.400071                 NaN                      NaN         NaN     NaN          NaN
16           24               8              GET         2940.401837       7.267033            2.146287                 5.020735    3.166470     0.0  2940.401837
17           24               8  GET_Interactive         2901.418615      11.390461                 NaN                      NaN         NaN     NaN          NaN
18           24              16              GET         2936.617023       7.302414            0.137382                 7.063919    0.192304     0.0  2936.617023
19           24              16  GET_Interactive         2895.921695       8.460239                 NaN                      NaN         NaN     NaN          NaN
20           24              32              GET         2937.066881       7.286083            0.166717                 7.008441    0.236380     0.0  2937.066881
21           24              32  GET_Interactive         2892.463641       8.423150                 NaN                      NaN         NaN     NaN          NaN
22           24              64              GET         2934.913930       8.380804            0.143021                 8.121043    0.208784     0.0  2934.913930
23           24              64  GET_Interactive         2887.576916      17.097419                 NaN                      NaN         NaN     NaN          NaN
24           48               8              GET         2939.083981      15.420200            9.961622                 5.361245   14.633987     0.0  2939.083981
25           48               8  GET_Interactive         2919.130831      16.581453                 NaN                      NaN         NaN     NaN          NaN
26           48              16              GET         2918.588377      15.669655            4.898340                10.696149    7.051122     0.0  2918.588377
27           48              16  GET_Interactive         2892.658066      17.299739                 NaN                      NaN         NaN     NaN          NaN
28           48              32              GET         2937.911242      15.309974            0.355215                14.819032    0.519164     0.0  2937.911242
29           48              32  GET_Interactive         2912.078054      16.554042                 NaN                      NaN         NaN     NaN          NaN
30           48              64              GET         2931.564493      15.362130            0.304512                14.898856    0.442113     0.0  2931.564493
31           48              64  GET_Interactive         2901.340408      16.612706                 NaN                      NaN         NaN     NaN          NaN
32           96               8              GET         2938.127826      31.798417           26.334528                 5.363468   38.678284     0.0  2938.127826
33           96               8  GET_Interactive         2927.971050      32.933514                 NaN                      NaN         NaN     NaN          NaN
34           96              16              GET         2935.639768      31.794561           20.868552                10.814292   30.590233     0.0  2935.639768
35           96              16  GET_Interactive         2923.740098      32.980934                 NaN                      NaN         NaN     NaN          NaN
36           96              32              GET         2934.412456      31.784714            9.950219                21.663006   14.653211     0.0  2934.412456
37           96              32  GET_Interactive         2921.884234      33.326829                 NaN                      NaN         NaN     NaN          NaN
38           96              64              GET         2930.108058      32.475526            0.314335                31.949646    0.453732     0.0  2930.108058
39           96              64  GET_Interactive         2911.129065      33.674933                 NaN                      NaN         NaN     NaN          NaN
40          192               8              GET         2936.779467      64.432894           58.959097                 5.361381   86.552700     0.0  2936.779467
41          192               8  GET_Interactive         2930.780939      66.176113                 NaN                      NaN         NaN     NaN          NaN
42          192              16              GET         2930.687348      64.717992           53.746173                10.835612   78.561615     0.0  2930.687348
43          192              16  GET_Interactive         2919.074017      65.893952                 NaN                      NaN         NaN     NaN          NaN
44          192              32              GET         2936.690289      64.552082           42.561283                21.751096   62.425563     0.0  2936.690289
45          192              32  GET_Interactive         2923.679498      65.716271                 NaN                      NaN         NaN     NaN          NaN
46          192              64              GET         2929.161903      69.019852           20.600236                48.163108   30.143065     0.0  2929.161903
47          192              64  GET_Interactive         2917.521638      70.514760                 NaN                      NaN         NaN     NaN          NaN
48          288               8              GET         2937.239063      97.196436           91.724249                 5.360827  134.661265     0.0  2937.239063
49          288               8  GET_Interactive         2932.808240      98.349098                 NaN                      NaN         NaN     NaN          NaN
50          288              16              GET         2937.805988      97.169094           86.235809                10.787739  126.510004     0.0  2937.805988
51          288              16  GET_Interactive         2930.397122      98.334181                 NaN                      NaN         NaN     NaN          NaN
52          288              32              GET         2935.428251      97.361631           75.351355                21.744095  110.409240     0.0  2935.428251
53          288              32  GET_Interactive         2923.595022      98.595724                 NaN                      NaN         NaN     NaN          NaN
54          288              64              GET         2902.480483     103.536559           54.430274                48.814104   78.081675     0.0  2902.480483
55          288              64  GET_Interactive         2878.053684     104.941887                 NaN                      NaN         NaN     NaN          NaN
====================
